3 750

6 0 0.5
7 0 0.5

1 1 1.5
7 0 0.5
1 1 1
3 1 1
7 0 3
3 0 0.5
3 0 0.5
6 0 1.5
5 0 0.5
6 0 1
1 1 1
5 0 2
0 0 1
3 0 0.5
3 0 0.5
4 0 1.5
4 0 0.5
4 0 0.5
1 1 1.5
3 0 2
0 0 0.5
1 1 0.5
1 1 0.5
1 1 0.5
7 0 1.5
-4 0 0.5
-4 0 1
7 0 1
7 0 2
0 0 1
6 0 0.5
7 0 0.5
1 1 1.5
7 0 0.5
1 1 1
3 1 1
7 0 2
0 0 0.5
3 0 0.5
3 0 0.5
6 0 1.5
5 0 0.5
6 0 1
1 1 1
5 0 3
0 0 0.5
3 0 0.5
4 0 1
1 1 0.5
7 0 0.5
7 0 1
1 1 1
2 1 0.5
2 1 0.5
3 1 0.5
1 1 1
0 0 1
1 1 0.5
7 0 0.5
6 0 0.5
6 0 0.5
7 0 1
-5 0 1
6 0 2
0 0 1
1 1 0.5
2 1 0.5
3 1 1.5
2 1 0.5
3 1 1
5 1 1
2 1 2
0 0 1
5 0 0.5
5 0 0.5
1 1 1.5
7 0 0.5
1 1 1
3 1 1
3 1 2
0 0 2
6 0 0.5
7 0 0.5
1 1 1
7 0 1
2 1 0.5
2 1 0.5
1 1 1.5
5 0 0.5
5 0 1
0 0 1
4 1 1
3 1 1
2 1 1
1 1 1
3 1 4
3 1 2
0 0 1
3 1 1
6 1 2
5 1 1
5 1 1
3 1 0.5
2 1 0.5
1 1 1
0 0 1
1 1 0.5
2 1 1
1 1 0.5
2 1 0.5
2 1 1
5 1 1
3 1 2
0 0 1
3 1 1
6 1 2
5 1 2
3 1 0.5
2 1 0.5
1 1 2
0 0 0.5
1 1 0.5
2 1 1
1 1 0.5
2 1 0.5
2 1 1
7 0 1

6 0 2
0 0 1
6 0 0.5
7 0 0.5

1 1 1.5
7 0 0.5
1 1 1
3 1 1
7 0 3
3 0 0.5
3 0 0.5
6 0 1.5
5 0 0.5
6 0 1
1 1 1
5 0 2
0 0 1
3 0 0.5
3 0 0.5
4 0 1.5
4 0 0.5
4 0 0.5
1 1 1.5
3 0 2
0 0 0.5
1 1 0.5
1 1 0.5
1 1 0.5
7 0 1.5
-4 0 0.5
-4 0 1
7 0 1
7 0 2
0 0 1
6 0 0.5
7 0 0.5
1 1 1.5
7 0 0.5
1 1 1
3 1 1
7 0 2
0 0 1
3 0 0.5
3 0 0.5
6 0 1.5
5 0 0.5
6 0 1
1 1 1
5 0 3
0 0 0.5
3 0 0.5
4 0 1
1 1 0.5
7 0 0.5
7 0 1
1 1 1
2 1 0.5
2 1 0.5
3 1 0.5
1 1 1
0 0 1
1 1 0.5
7 0 0.5
6 0 0.5
6 0 0.5
7 0 1
-5 0 1
6 0 2
0 0 1
1 1 0.5
2 1 0.5
3 1 1.5
2 1 0.5
3 1 1
5 1 1
2 1 2
0 0 1
5 0 0.5
5 0 0.5
1 1 1.5
7 0 0.5
1 1 1
3 1 1
3 1 2
0 0 2
6 0 0.5
7 0 0.5
1 1 1
7 0 1
2 1 0.5
2 1 0.5
1 1 1.5
5 0 0.5
5 0 1
0 0 1
4 1 1
3 1 1
2 1 1
1 1 1
3 1 4
3 1 2
0 0 1
3 1 1
6 1 2
5 1 1
5 1 1
3 1 0.5
2 1 0.5
1 1 1
0 0 1
1 1 0.5
2 1 1
1 1 0.5
2 1 0.5
2 1 1
5 1 1
3 1 2
0 0 1
3 1 1
6 1 2
5 1 2
3 1 0.5
2 1 0.5
1 1 2
0 0 0.5
1 1 0.5
2 1 1
1 1 0.5
2 1 0.5
2 1 1
7 0 1

6 0 4
-100 -1 -1