5 500

3 1 0.5
3 1 1
3 1 0.5
3 1 0.5
2 1 0.5
2 1 1
1 1 0.5
1 1 1
1 1 0.5
2 1 0.5
1 1 0.5
6 0 0.5
5 0 0.5
5 0 0.5
5 0 1
5 0 0.5
6 0 0.5
5 0 0.5
2 1 0.5
3 1 0.5
1 1 3

3 0 0.5
5 0 0.5
5 0 1
5 0 0.5
3 0 0.5
6 0 0.5
6 0 0.5
7 0 0.5
6 0 0.5
0 0 0.5
6 0 0.5
6 0 0.5
5 0 0.5
1 1 1
1 1 0.5
1 1 0.5
1 1 0.5
6 0 0.5
1 1 0.5
6 0 0.5
5 0 3
3 0 0.5
5 0 0.5
5 0 1
5 0 0.5
3 0 0.5
6 0 0.5
6 0 0.5
7 0 0.5
6 0 0.5
0 0 0.5
6 0 0.5
6 0 0.5
5 0 0.5
1 1 1
1 1 0.75
1 1 0.25
1 1 0.5
6 0 0.5
6 0 0.5
1 1 0.5
2 1 2
2 1 2
5 1 0.5
5 1 1
5 1 0.25
5 1 0.25
5 1 0.5
5 1 0.5
3 1 0.5
2 1 0.5
1 1 0.5
1 1 1
6 0 0.25
6 0 0.25
6 0 0.5
1 1 0.5
6 0 0.5
1 1 0.5
2 1 0.5
2 1 0.5
2 1 0.5
1 1 0.5
2 1 0.5
1 1 0.5
3 1 0.5
2 1 0.5
2 1 2
2 1 2
3 1 0.5
3 1 1
3 1 0.5
3 1 0.5
2 1 0.5
2 1 1
1 1 0.5
1 1 1
1 1 0.5
2 1 0.5
1 1 0.5
6 0 0.5
5 0 0.5
5 0 0.5
5 0 0.5
0 0 0.5
5 0 0.5
6 0 0.5
5 0 0.5
2 1 0.5
3 1 0.5
1 1 4

3 0 0.5
5 0 0.5
5 0 1
5 0 0.5
3 0 0.5
6 0 0.5
6 0 0.5
7 0 0.5
6 0 0.5
0 0 0.5
6 0 0.5
6 0 0.5
5 0 0.5
1 1 1
1 1 0.5
1 1 0.5
1 1 0.5
6 0 0.5
1 1 0.5
6 0 0.5
5 0 3
3 0 0.5
5 0 0.5
5 0 1
5 0 0.5
3 0 0.5
6 0 0.5
6 0 0.5
7 0 0.5
6 0 0.5
0 0 0.5
6 0 0.5
6 0 0.5
5 0 0.5
1 1 1
1 1 0.75
1 1 0.25
1 1 0.5
6 0 0.5
6 0 0.5
1 1 0.5
2 1 2
2 1 2
5 1 0.5
5 1 1
5 1 0.25
5 1 0.25
5 1 0.5
5 1 0.5
3 1 0.5
2 1 0.5
1 1 0.5
1 1 1
6 0 0.25
6 0 0.25
6 0 0.5
1 1 0.5
6 0 0.5
1 1 0.5
2 1 0.5
2 1 0.5
2 1 0.5
1 1 0.5
2 1 0.5
1 1 0.5
3 1 0.5
2 1 0.5
2 1 2
2 1 2
3 1 0.5
3 1 1
3 1 0.5
3 1 0.5
2 1 0.5
2 1 1
1 1 0.5
1 1 1
1 1 0.5
2 1 0.5
1 1 0.5
6 0 0.5
5 0 0.5
5 0 0.5
5 0 0.5
0 0 0.5
5 0 0.5
6 0 0.5
5 0 0.5
2 1 0.5
3 1 0.5
1 1 4

3 0 0.5
5 0 0.5
5 0 1
5 0 0.5
3 0 0.5
6 0 0.5
6 0 0.5
7 0 0.5
6 0 0.5
0 0 0.5
6 0 0.5
6 0 0.5
5 0 0.5
1 1 1
1 1 0.5
1 1 0.5
1 1 0.5
6 0 0.5
1 1 0.5
6 0 0.5
5 0 3
3 0 0.5
5 0 0.5
5 0 1
5 0 0.5
3 0 0.5
6 0 0.5
6 0 0.5
7 0 0.5
6 0 0.5
0 0 0.5
6 0 0.5
6 0 0.5
5 0 0.5
1 1 1
1 1 0.75
1 1 0.25
1 1 0.5
6 0 0.5
6 0 0.5
1 1 0.5
2 1 2
2 1 2
5 1 0.5
5 1 1
5 1 0.25
5 1 0.25
5 1 0.5
5 1 0.5
3 1 0.5
2 1 0.5
1 1 0.5
1 1 1
6 0 0.25
6 0 0.25
6 0 0.5
1 1 0.5
6 0 0.5
1 1 0.5
2 1 0.5
2 1 0.5
2 1 0.5
1 1 0.5
2 1 0.5
1 1 0.5
3 1 0.5
2 1 0.5
2 1 2
2 1 2
3 1 0.5
3 1 1
3 1 0.5
3 1 0.5
2 1 0.5
2 1 1
1 1 0.5
1 1 1
1 1 0.5
2 1 0.5
1 1 0.5
6 0 0.5
5 0 0.5
5 0 0.5
5 0 0.5
0 0 0.5
5 0 0.5
6 0 0.5
5 0 0.5
2 1 0.5
3 1 0.5
1 1 4

3 0 0.5
5 0 0.5
5 0 1
5 0 0.5
3 0 0.5
6 0 0.5
6 0 0.5
7 0 0.5
6 0 0.5
0 0 0.5
6 0 0.5
6 0 0.5
5 0 0.5
1 1 1
1 1 0.5
1 1 0.5
1 1 0.5
6 0 0.5
1 1 0.5
6 0 0.5
5 0 3
3 0 0.5
5 0 0.5
5 0 1
5 0 0.5
3 0 0.5
6 0 0.5
6 0 0.5
7 0 0.5
6 0 0.5
0 0 0.5
6 0 0.5
6 0 0.5
5 0 0.5
1 1 1
1 1 0.75
1 1 0.25
1 1 0.5
6 0 0.5
6 0 0.5
1 1 0.5
2 1 2
2 1 2
5 1 0.5
5 1 1
5 1 0.25
5 1 0.25
5 1 0.5
5 1 0.5
3 1 0.5
2 1 0.5
1 1 0.5
1 1 1
6 0 0.25
6 0 0.25
6 0 0.5
1 1 0.5
6 0 0.5
1 1 0.5
2 1 0.5
2 1 0.5
2 1 0.5
1 1 0.5
2 1 0.5
1 1 0.5
3 1 0.5
2 1 0.5
2 1 2
2 1 2
3 1 0.5
3 1 1
3 1 0.5
3 1 0.5
2 1 0.5
2 1 1
1 1 0.5
1 1 1
1 1 0.5
2 1 0.5
1 1 0.5
6 0 0.5
5 0 0.5
5 0 0.5
5 0 0.5
0 0 0.5
5 0 0.5
6 0 0.5
5 0 0.5
2 1 0.5
3 1 0.5
1 1 2
3 1 2
3 1 0.5
3 1 1
3 1 0.5
3 1 0.5
2 1 0.5
2 1 1
1 1 0.5
1 1 1
1 1 0.5
2 1 0.5
1 1 0.5
6 0 0.5
5 0 0.5
5 0 0.5
5 0 0.5
0 0 0.5
5 0 0.5
6 0 0.5
5 0 0.5
2 1 0.5
3 1 0.5
1 1 4

-100 -1 -1