-1 600

7 0 0.5
1 1 1
1 1 1
7 0 1
7 0 1
1 1 0.5
7 0 0.5
1 1 0.5
2 1 0.5
1 1 1.5
2 1 0.5
3 1 1
1 1 1
2 1 1
7 0 1
1 1 3.5

7 0 0.5
1 1 1
1 1 1
7 0 1
7 0 1
1 1 0.5
7 0 0.5
1 1 0.5
2 1 0.5
1 1 1.5
2 1 0.5
3 1 1
1 1 1
2 1 1
7 0 1
1 1 3.5

7 0 0.5
1 1 1
1 1 1
7 0 1
7 0 1
1 1 0.5
7 0 0.5
1 1 0.5
2 1 0.5
1 1 1.5
2 1 0.5
3 1 1
1 1 1
2 1 1
7 0 1
1 1 0.5
7 0 0.5
1 1 0.5
7 0 0.5
1 1 1.5

7 0 0.5
1 1 1
1 1 1
7 0 1
7 0 1
1 1 0.5
7 0 0.5
1 1 0.5
2 1 0.5
1 1 1.5
2 1 0.5
3 1 1
1 1 1
2 1 1
7 0 1
1 1 0.5
7 0 0.5
6 0 0.5
5 0 0.5
6 0 0.5
0 0 0.5

6 0 0.5
7 0 0.5
1 1 1
1 1 0.5
3 1 0.5
2 1 1
3 1 0.5
2 1 0.5
1 1 0.5
7 0 0.5
1 1 0.5
7 0 0.5
1 1 0.5
0 0 0.5

1 1 0.5
2 1 0.5
3 1 1
3 1 0.5
5 1 0.5
2 1 1
3 1 0.5
2 1 0.5
1 1 0.5
7 0 0.5
1 1 0.5
7 0 0.5
1 1 0.5
0 0 0.5

6 0 0.5
7 0 0.5
1 1 1
1 1 0.5
3 1 0.5
2 1 1
3 1 0.5
2 1 0.5
1 1 0.5
7 0 0.5
1 1 0.5
7 0 0.5
1 1 0.5
0 0 0.5

1 1 0.5
2 1 0.5
3 1 1
3 1 0.5
5 1 0.5
2 1 1
3 1 0.5
2 1 0.5
1 1 0.5
7 0 0.5
1 1 0.5
7 0 0.5
1 1 1.5

7 0 0.5
1 1 1
1 1 1
7 0 1
7 0 1
1 1 0.5
7 0 0.5
1 1 0.5
2 1 0.5
1 1 1.5
2 1 0.5
3 1 1
1 1 1
2 1 1
7 0 1
1 1 3.5

7 0 0.5
1 1 1
1 1 1
7 0 1
7 0 1
1 1 0.5
7 0 0.5
1 1 0.5
2 1 0.5
1 1 1.5
2 1 0.5
3 1 1
1 1 1
2 1 1
7 0 1
1 1 3.5

7 0 0.5
1 1 1
1 1 1
7 0 1
7 0 1
1 1 0.5
7 0 0.5
1 1 0.5
2 1 0.5
1 1 1.5
2 1 0.5
3 1 1
1 1 1
2 1 1
7 0 1
1 1 0.5
7 0 0.5
1 1 0.5
7 0 0.5
1 1 1.5

7 0 0.5
1 1 1
1 1 1
7 0 1
7 0 1
1 1 0.5
7 0 0.5
1 1 0.5
2 1 0.5
1 1 1.5
2 1 0.5
3 1 1
1 1 1
2 1 1
7 0 1
1 1 0.5
7 0 0.5
6 0 0.5
5 0 0.5
6 0 0.5
0 0 0.5

6 0 0.5
7 0 0.5
1 1 1
1 1 0.5
3 1 0.5
2 1 1
3 1 0.5
2 1 0.5
1 1 0.5
7 0 0.5
1 1 0.5
7 0 0.5
1 1 0.5
0 0 0.5

1 1 0.5
2 1 0.5
3 1 1
3 1 0.5
5 1 0.5
2 1 1
3 1 0.5
2 1 0.5
1 1 0.5
7 0 0.5
1 1 0.5
7 0 0.5
1 1 0.5
0 0 0.5

6 0 0.5
7 0 0.5
1 1 1
1 1 0.5
3 1 0.5
2 1 1
3 1 0.5
2 1 0.5
1 1 0.5
7 0 0.5
1 1 0.5
7 0 0.5
1 1 0.5
0 0 0.5

1 1 0.5
2 1 0.5
3 1 1
3 1 0.5
5 1 0.5
2 1 1
3 1 0.5
2 1 0.5
1 1 0.5
7 0 0.5
1 1 0.5
7 0 0.5
1 1 1.5

7 0 0.5
1 1 1
1 1 1
7 0 1.5
7 0 0.5
1 1 0.5
7 0 0.5
1 1 0.5
2 1 0.5
1 1 1.5
2 1 0.5
3 1 1
1 1 1
2 1 1
7 0 1
1 1 3.5

7 0 0.5
1 1 1
1 1 1
7 0 1
7 0 1
1 1 0.5
7 0 0.5
1 1 0.5
2 1 0.5
1 1 1.5
2 1 0.5
3 1 1
1 1 1
2 1 1
7 0 1
1 1 0.5
7 0 0.5
6 0 0.5
5 0 0.5
6 0 0.5
0 0 0.5

6 0 0.5
7 0 0.5
1 1 1
1 1 0.5
3 1 0.5
2 1 1
3 1 0.5
2 1 0.5
1 1 0.5
7 0 0.5
1 1 0.5
7 0 0.5
1 1 0.5
0 0 0.5

1 1 0.5
2 1 0.5
3 1 1
3 1 0.5
5 1 0.5
2 1 1
3 1 0.5
2 1 0.5
1 1 0.5
7 0 0.5
1 1 0.5
7 0 0.5
1 1 0.5
0 0 0.5

6 0 0.5
7 0 0.5
1 1 1
1 1 0.5
3 1 0.5
2 1 1
3 1 0.5
2 1 0.5
1 1 0.5
7 0 0.5
1 1 0.5
7 0 0.5
1 1 0.5
0 0 0.5

1 1 0.5
2 1 0.5
3 1 1
3 1 0.5
5 1 0.5
2 1 1
3 1 0.5
2 1 0.5
1 1 0.5
7 0 0.5
1 1 0.5
7 0 0.5
1 1 0.5
0 0 0.5

6 0 0.5
7 0 0.5
1 1 1
1 1 0.5
3 1 0.5
2 1 1
3 1 0.5
2 1 0.5
1 1 0.5
7 0 0.5
1 1 0.5
7 0 0.5
1 1 0.5
0 0 0.5

1 1 0.5
2 1 0.5
3 1 1
3 1 0.5
5 1 0.5
2 1 1
3 1 0.5
2 1 0.5
1 1 0.5
7 0 0.5
1 1 0.5
7 0 0.5
1 1 5

-100 -1 -1