0 500

2 0 0.5
3 0 0.5

-4 0 1
6 0 1
5 0 0.5
-4 0 0.5
3 0 0.5
5 0 0.5
-4 0 1.5
2 0 0.5
6 -1 1.5
5 -1 0.25
6 -1 0.25
7 -1 1
2 0 1
3 0 0.5
2 0 0.5
-1 0 0.5
2 0 0.5
3 0 1.5
-4 0 0.5
3 0 1.5
2 0 0.25
3 0 0.25
-4 0 1
6 0 1
-6 0 0.5
6 0 0.5
5 0 0.5
-6 0 0.5
6 0 1.5
-1 1 0.5
2 1 1.5
3 0 0.25
-4 0 0.25
5 0 1.5
6 0 0.5
7 0 2
6 0 1.5
5 0 0.25
-4 0 0.25
3 0 1
3 -1 0.25
5 -1 0.25
6 -1 0.25
-6 -1 0.25
7 -1 1.5
6 -1 1.5
5 -1 1
3 -1 3
0 0 1
7 0 1.5
6 0 1.5
2 1 1
-1 1 3
0 0 1
7 -1 1.5
6 -1 1.5
5 -1 1
3 -1 3
0 0 1
7 0 1.5
6 0 1.5
2 1 1

3 1 3
2 0 0.5
3 0 0.5

-4 0 1
6 0 1
5 0 0.5
-4 0 0.5
3 0 0.5
5 0 0.5
-4 0 1.5
2 0 0.5
6 -1 1.5
5 -1 0.25
6 -1 0.25
7 -1 1
2 0 1
3 0 0.5
2 0 0.5
-1 0 0.5
2 0 0.5
3 0 1.5
-4 0 0.5
3 0 1.5
2 0 0.25
3 0 0.25
-4 0 1
6 0 1
-6 0 0.5
6 0 0.5
5 0 0.5
-6 0 0.5
6 0 1.5
-1 1 0.5
2 1 1.5
3 0 0.25
-4 0 0.25
5 0 1.5
6 0 0.5
7 0 2
6 0 1.5
5 0 0.25
-4 0 0.25
3 0 1
3 -1 0.25
5 -1 0.25
6 -1 0.25
-6 -1 0.25
7 -1 1.5
6 -1 1.5
5 -1 1
3 -1 3
0 0 1
7 0 1.5
6 0 1.5
2 1 1
-1 1 3
0 0 1
7 -1 1.5
6 -1 1.5
5 -1 1
3 -1 3
0 0 1
7 0 1.5
6 0 1.5
2 1 1

3 1 4
-100 -1 -1