10 750

1 0 0.5
5 -1 0.5
1 0 0.5
2 0 0.5
3 0 1
2 0 0.5
1 0 0.5
1 0 0.5
5 -1 0.5
1 0 0.5
5 0 0.5
4 0 0.5
3 0 0.5
2 0 0.5
1 0 0.5
1 0 0.5
5 -1 0.5
1 0 0.5
2 0 0.5
3 0 1
2 0 0.5
1 0 0.5
1 0 2
0 0 0.5
5 -1 0.5
1 0 0.5
2 0 0.5

3 0 0.5
4 0 0.5
5 0 0.5
3 0 0.5
2 0 1
1 0 1
6 -1 1
3 0 1
2 0 2
3 0 0.5
4 0 0.5
5 0 0.5
3 0 0.5
2 0 1
1 0 1
6 0 1
6 0 1
5 0 2
3 0 0.5
4 0 0.5
5 0 0.5
3 0 0.5
2 0 1
1 0 1
6 -1 1
3 0 1
2 0 1
7 -1 0.5
6 -1 0.5
5 -1 1
2 0 1
1 0 1
2 0 0.5
3 0 0.5
4 0 0.5
3 0 0.5
2 0 0.5
1 0 0.5
6 -1 1
1 0 0.5
2 0 0.5
1 0 4
3 0 0.5
4 0 0.5
5 0 0.5
3 0 0.5
2 0 1
1 0 1
6 -1 1
3 0 1
2 0 2
3 0 0.5
4 0 0.5
5 0 0.5
3 0 0.5
2 0 1
1 0 1
6 0 1
6 0 1
5 0 2
3 0 0.5
4 0 0.5
5 0 0.5
3 0 0.5
2 0 1
1 0 1
6 -1 1
3 0 1
2 0 1
7 -1 0.5
6 -1 0.5
5 -1 1
2 0 1
1 0 1
2 0 0.5
3 0 0.5
4 0 0.5
3 0 0.5
2 0 0.5
1 0 0.5
6 -1 1
1 0 0.5
2 0 0.5
1 0 4
6 -1 1.5
1 0 0.5
7 -1 0.5
1 0 0.5
2 0 0.5
7 -1 0.5
5 -1 4
6 -1 1.5
1 0 0.5
7 -1 0.5
1 0 0.5
2 0 0.5
5 -1 0.5
3 0 4
6 -1 1.5
1 0 0.5
7 -1 0.5
1 0 0.5
2 0 0.5
7 -1 0.5
5 -1 1
2 0 0.5
3 0 0.5
4 0 2
6 -1 1.5
1 0 0.5
7 -1 0.5
1 0 0.5
2 0 0.5
7 -1 0.5
1 0 4

3 0 0.5
4 0 0.5
5 0 0.5
3 0 0.5
2 0 1
1 0 1
6 -1 1
3 0 1
2 0 2
3 0 0.5
4 0 0.5
5 0 0.5
3 0 0.5
2 0 1
1 0 1
6 0 1
6 0 1
5 0 2
3 0 0.5
4 0 0.5
5 0 0.5
3 0 0.5
2 0 1
1 0 1
6 -1 1
3 0 1
2 0 1
7 -1 0.5
6 -1 0.5
5 -1 1
2 0 1
1 0 1
2 0 0.5
3 0 0.5
4 0 0.5
3 0 0.5
2 0 0.5
1 0 0.5
6 -1 1
1 0 0.5
2 0 0.5
1 0 4
3 0 0.5
4 0 0.5
5 0 0.5
3 0 0.5
2 0 1
1 0 1
6 -1 1
3 0 1
2 0 2
3 0 0.5
4 0 0.5
5 0 0.5
3 0 0.5
2 0 1
1 0 1
6 0 1
6 0 1
5 0 2
3 0 0.5
4 0 0.5
5 0 0.5
3 0 0.5
2 0 1
1 0 1
6 -1 1
3 0 1
2 0 1
7 -1 0.5
6 -1 0.5
5 -1 1
2 0 1
1 0 1
2 0 0.5
3 0 0.5
4 0 0.5
3 0 0.5
2 0 0.5
1 0 0.5
6 -1 1
1 0 0.5
2 0 0.5
1 0 4
6 -1 1.5
1 0 0.5
7 -1 0.5
1 0 0.5
2 0 0.5
7 -1 0.5
5 -1 4
6 -1 1.5
1 0 0.5
7 -1 0.5
1 0 0.5
2 0 0.5
5 -1 0.5
3 0 4
6 -1 1.5
1 0 0.5
7 -1 0.5
1 0 0.5
2 0 0.5
7 -1 0.5
5 -1 1
2 0 0.5
3 0 0.5
4 0 2
6 -1 1.5
1 0 0.5
7 -1 0.5
1 0 0.5
2 0 0.5
7 -1 0.5
1 0 4

-101 13 750

6 -1 1
6 -1 0.5
1 0 0.5
1 0 0.5
7 -1 0.5
6 -1 0.5
5 -1 0.5
3 -1 1
2 -1 0.5
3 -1 0.5
1 -1 2
6 -1 1
6 -1 0.5
1 0 0.5
1 0 0.5
7 -1 0.5
6 -1 0.5
5 -1 0.5
5 -1 4
6 -1 1
6 -1 0.5
1 0 0.5
1 0 0.5
7 -1 0.5
6 -1 0.5
5 -1 0.5
3 -1 1
2 -1 0.5
3 -1 0.5
6 -1 2
4 -1 0.5
3 -1 0.5
2 -1 0.5
3 -1 0.5
4 -1 1
6 -1 1
5 -1 4
3 0 0.5
4 0 0.5
5 0 0.5
3 0 0.5
2 0 1
1 0 1
6 -1 1
3 0 1
2 0 2
3 0 0.5
4 0 0.5
5 0 0.5
3 0 0.5
2 0 1
1 0 1
6 0 1
6 0 1
5 0 2
3 0 0.5
4 0 0.5
5 0 0.5
3 0 0.5
2 0 1
1 0 1
6 -1 1
3 0 1
2 0 1
7 -1 0.5
6 -1 0.5
5 -1 1
2 0 1
1 0 1
2 0 0.5
3 0 0.5
4 0 0.5
3 0 0.5
2 0 0.5
1 0 0.5
6 -1 1
1 0 0.5
2 0 0.5
1 0 4
3 0 0.5
4 0 0.5
5 0 0.5
3 0 0.5
2 0 1
1 0 1
6 -1 1
3 0 1
2 0 2
3 0 0.5
4 0 0.5
5 0 0.5
3 0 0.5
2 0 1
1 0 1
6 0 1
6 0 1
5 0 2
3 0 0.5
4 0 0.5
5 0 0.5
3 0 0.5
2 0 1
1 0 1
6 -1 1
3 0 1
2 0 1
7 -1 0.5
6 -1 0.5
5 -1 1
2 0 1
1 0 1
2 0 0.5
3 0 0.5
4 0 0.5
3 0 0.5
2 0 0.5
1 0 0.5
6 -1 1
1 0 0.5
2 0 0.5
1 0 8

-100 -1 -1