0 500

6 0 0.5
7 0 0.5
1 1 1
1 1 1.5
7 0 0.16667
1 1 0.16667
7 0 0.16667
6 0 0.16667
7 0 0.16667
6 0 0.16667
5 0 0.16667
6 0 0.16667
5 0 0.16667
3 0 0.16667
4 0 0.16667
3 0 0.16667
2 0 0.16667
3 0 0.16667
2 0 0.16667
1 0 0.16667
2 0 0.16667
1 0 0.16667
7 -1 0.16667
1 0 0.16667
7 -1 0.16667
6 -1 0.16667
7 -1 0.16667
6 -1 0.16667
5 -1 0.16667
6 -1 0.16667
5 -1 0.16667
3 -1 2
3 -1 0.5
5 -1 0.25
6 -1 0.25
7 -1 0.16667
1 0 0.16667
7 -1 0.16667
6 -1 0.16667
6 -1 0.16667
5 -1 0.16667
3 -1 2
3 -1 0.5
5 -1 0.25
6 -1 0.25
7 -1 0.25
1 0 0.25
7 -1 0.25
6 -1 0.25
6 -1 0.25
6 -1 0.5
3 -1 0.25
6 -1 0.25
3 -1 0.25
6 -1 0.5
0 0 0.5
1 0 0.25
1 0 0.25
7 -1 0.25
1 -1 0.25
7 -1 0.25
6 -1 0.25

0 0 0.5
6 -1 0.25
7 -1 0.25
1 0 0.5
2 0 0.5
3 0 0.375
2 0 0.125
4 0 0.25
3 0 0.25
3 0 1
0 0 0.5
3 0 0.25
4 0 0.25
5 0 0.5
6 0 0.5
5 0 0.375
-4 0 0.125
5 0 0.25
3 0 0.25
3 0 1
0 0 0.5
5 0 0.25
6 0 0.25
6 0 0.5
6 0 0.25
7 0 0.125
6 0 0.125
5 0 0.375
6 0 0.125
5 0 0.25
4 0 0.25
5 0 0.25
3 0 0.25
3 0 0.5
0 0 0.5
2 0 0.25
3 0 0.25
2 0 0.08333
3 0 0.08333
2 0 0.08333
1 0 0.25
3 0 0.25
2 0 0.25
2 0 2
2 0 0.5
1 0 0.25
2 0 0.25
3 0 0.5
3 0 0.5
3 0 0.375
2 0 0.125
3 0 0.25
4 0 0.25
5 0 0.25
6 0 0.25
6 0 0.5
6 0 0.25
6 0 0.25
5 0 0.25
6 0 0.25
5 0 0.25
4 0 0.25
3 0 0.5
5 0 0.25
4 0 0.25
3 0 0.25
2 0 0.25
1 0 0.5
0 0 0.25
7 -1 0.25
6 -1 0.25
7 -1 0.25
1 0 0.25
2 0 0.25
3 0 0.5
3 0 0.25
3 0 0.25
3 0 0.25
2 0 0.25
4 0 0.25
3 0 0.25
2 0 0.75
2 0 0.25
2 0 0.25
1 0 0.25
3 0 0.25
2 0 0.25
1 0 0.5
7 -1 0.25
6 -1 0.25
6 -1 3
0 0 1
6 0 4
0 0 0.5
5 0 0.25
6 0 0.25
6 0 0.5
6 0 0.5
6 0 0.375
5 0 0.125
6 0 0.25
7 0 0.25
1 1 1
7 0 0.5
6 0 0.25
7 0 0.25
6 0 0.16667
7 0 0.16667
6 0 0.16667
5 0 0.25
3 0 0.25
3 0 2
0 0 0.5
5 0 0.25
6 0 0.25
6 0 0.5
6 0 0.5
6 0 0.375
5 0 0.125
6 0 0.25
7 0 0.25
1 1 0.75
1 1 0.25
7 0 0.5
6 0 0.25
7 0 0.25
6 0 0.16667
7 0 0.16667
6 0 0.16667
5 0 0.25
3 0 0.25
3 0 2
0 0 0.5
5 0 0.25
6 0 0.25
6 0 0.5
6 0 0.5
5 0 0.375
6 0 0.125
5 0 0.25
4 0 0.25
3 0 0.25
2 0 0.25
2 0 0.5
0 0 0.5
1 0 0.25
2 0 0.25
3 0 0.5
3 0 0.375
3 0 0.125
3 0 0.5
2 0 0.25
3 0 0.25
2 0 0.08333
3 0 0.08333
2 0 0.08333
1 0 0.25
1 0 0.5
0 0 0.5
7 -1 0.25
1 0 0.25
2 0 0.5
2 0 0.5
2 0 0.375
3 0 0.125
2 0 0.25
1 0 0.25
2 0 0.25
5 0 0.25
3 0 0.5
0 0 0.5
2 0 0.25
1 0 0.25
3 0 0.375
2 0 0.125
3 0 0.25
2 0 0.25
1 0 1
7 -1 0.375
1 0 0.125
7 -1 0.25
6 -1 0.25
7 -1 0.25
1 0 0.25
2 0 0.25
3 0 0.125
2 0 0.125
1 0 0.5
7 -1 0.25
6 -1 0.25

6 -1 3.5
0 0 0.5
6 0 0.25
7 0 0.25
1 1 0.5
7 0 0.25
1 1 0.25
7 0 0.25
6 0 0.25
6 0 0.25
5 0 0.25
6 0 0.25
5 0 0.25
3 0 0.25
2 0 0.25
3 0 0.25
2 0 0.25
1 0 0.5
7 0 0.25
6 0 0.25
7 0 0.25
1 1 0.25
2 1 0.25
3 1 0.25
3 1 0.75
2 1 0.25
3 1 0.125
2 1 0.125
1 1 0.5
7 0 0.25
6 0 0.25
6 0 0.25
6 0 0.5
3 0 0.25
6 0 0.25
3 0 0.25
6 0 0.5
0 0 0.5
4 0 0.25
4 0 0.25
3 0 0.25
4 0 0.25
3 0 0.25
2 0 0.25

6 0 0.5
7 0 0.5
1 1 1
1 1 1.5
7 0 0.16667
1 1 0.16667
7 0 0.16667
6 0 0.16667
7 0 0.16667
6 0 0.16667
5 0 0.16667
6 0 0.16667
5 0 0.16667
3 0 0.16667
4 0 0.16667
3 0 0.16667
2 0 0.16667
3 0 0.16667
2 0 0.16667
1 0 0.16667
2 0 0.16667
1 0 0.16667
7 -1 0.16667
1 0 0.16667
7 -1 0.16667
6 -1 0.16667
7 -1 0.16667
6 -1 0.16667
5 -1 0.16667
6 -1 0.16667
5 -1 0.16667
3 -1 2
3 -1 0.5
5 -1 0.25
6 -1 0.25
7 -1 0.16667
1 0 0.16667
7 -1 0.16667
6 -1 0.16667
6 -1 0.16667
5 -1 0.16667
3 -1 2
3 -1 0.5
5 -1 0.25
6 -1 0.25
7 -1 0.25
1 0 0.25
7 -1 0.25
6 -1 0.25
6 -1 0.25
6 -1 0.5
3 -1 0.25
6 -1 0.25
3 -1 0.25
6 -1 0.5
0 0 0.5
1 0 0.25
1 0 0.25
7 -1 0.25
1 -1 0.25
7 -1 0.25
6 -1 0.25

0 0 0.5
6 -1 0.25
7 -1 0.25
1 0 0.5
2 0 0.5
3 0 0.375
2 0 0.125
4 0 0.25
3 0 0.25
3 0 1
0 0 0.5
3 0 0.25
4 0 0.25
5 0 0.5
6 0 0.5
5 0 0.375
-4 0 0.125
5 0 0.25
3 0 0.25
3 0 1
0 0 0.5
5 0 0.25
6 0 0.25
6 0 0.5
6 0 0.25
7 0 0.125
6 0 0.125
5 0 0.375
6 0 0.125
5 0 0.25
4 0 0.25
5 0 0.25
3 0 0.25
3 0 0.5
0 0 0.5
2 0 0.25
3 0 0.25
2 0 0.08333
3 0 0.08333
2 0 0.08333
1 0 0.25
3 0 0.25
2 0 0.25
2 0 2
2 0 0.5
1 0 0.25
2 0 0.25
3 0 0.5
3 0 0.5
3 0 0.375
2 0 0.125
3 0 0.25
4 0 0.25
5 0 0.25
6 0 0.25
6 0 0.5
6 0 0.25
6 0 0.25
5 0 0.25
6 0 0.25
5 0 0.25
4 0 0.25
3 0 0.5
5 0 0.25
4 0 0.25
3 0 0.25
2 0 0.25
1 0 0.5
0 0 0.25
7 -1 0.25
6 -1 0.25
7 -1 0.25
1 0 0.25
2 0 0.25
3 0 0.5
3 0 0.25
3 0 0.25
3 0 0.25
2 0 0.25
4 0 0.25
3 0 0.25
2 0 0.75
2 0 0.25
2 0 0.25
1 0 0.25
3 0 0.25
2 0 0.25
1 0 0.5
7 -1 0.25
6 -1 0.25
6 -1 3
0 0 1
6 0 4
0 0 0.5
5 0 0.25
6 0 0.25
6 0 0.5
6 0 0.5
6 0 0.375
5 0 0.125
6 0 0.25
7 0 0.25
1 1 1
7 0 0.5
6 0 0.25
7 0 0.25
6 0 0.16667
7 0 0.16667
6 0 0.16667
5 0 0.25
3 0 0.25
3 0 2
0 0 0.5
5 0 0.25
6 0 0.25
6 0 0.5
6 0 0.5
6 0 0.375
5 0 0.125
6 0 0.25
7 0 0.25
1 1 0.75
1 1 0.25
7 0 0.5
6 0 0.25
7 0 0.25
6 0 0.16667
7 0 0.16667
6 0 0.16667
5 0 0.25
3 0 0.25
3 0 2
0 0 0.5
5 0 0.25
6 0 0.25
6 0 0.5
6 0 0.5
5 0 0.375
6 0 0.125
5 0 0.25
4 0 0.25
3 0 0.25
2 0 0.25
2 0 0.5
0 0 0.5
1 0 0.25
2 0 0.25
3 0 0.5
3 0 0.375
3 0 0.125
3 0 0.5
2 0 0.25
3 0 0.25
2 0 0.08333
3 0 0.08333
2 0 0.08333
1 0 0.25
1 0 0.5
0 0 0.5
7 -1 0.25
1 0 0.25
2 0 0.5
2 0 0.5
2 0 0.375
3 0 0.125
2 0 0.25
1 0 0.25
2 0 0.25
5 0 0.25
3 0 0.5
0 0 0.5
2 0 0.25
1 0 0.25
3 0 0.375
2 0 0.125
3 0 0.25
2 0 0.25
1 0 1
7 -1 0.375
1 0 0.125
7 -1 0.25
6 -1 0.25
7 -1 0.25
1 0 0.25
2 0 0.25
3 0 0.125
2 0 0.125
1 0 0.5
7 -1 0.25
6 -1 0.25

6 -1 3.5
0 0 1
5 0 0.25
6 0 0.25
6 0 0.5
6 0 0.5
5 0 0.375
6 0 0.125
5 0 0.25
4 0 0.25
3 0 0.25
2 0 0.25
2 0 0.5
0 0 0.5
1 0 0.25
2 0 0.25
3 0 0.5
3 0 0.375
3 0 0.125
3 0 0.5
2 0 0.25
3 0 0.25
2 0 0.08333
3 0 0.08333
2 0 0.08333
1 0 0.25
1 0 0.5
0 0 0.5
7 -1 0.25
1 0 0.25
2 0 0.5
2 0 0.25
2 0 0.25
2 0 0.375
3 0 0.125
2 0 0.25
1 0 0.25
2 0 0.25
5 0 0.25
3 0 0.5
0 0 0.5
2 0 0.25
1 0 0.25
3 0 0.375
2 0 0.125
3 0 0.25
2 0 0.25
1 0 1
7 -1 0.375
1 0 0.125
7 -1 0.25
6 -1 0.25
7 -1 0.25
1 0 0.25
2 0 0.25
3 0 0.125
2 0 0.125
1 0 2
7 -1 0.5
6 -1 0.5
6 -1 8

-100 -1 -1